python.exe : QFontDatabase: Cannot find font directory C:/Users/junji/Desktop/g
ithub/PRSTCore/.conda/Library/lib/fonts.
所在位置 行:1 字符: 1
+ & ".conda\python.exe" scripts\smoke_simulator_gui.py 2>&1 | Out-File  ...
+ ~~~~~~~~~~~~~~~~~~~~~~~~~~~~~~~~~~~~~~~~~~~~~~~~~~~~~~~~~
    + CategoryInfo          : NotSpecified: (QFontDatabase: ...rary/lib/fonts. 
   :String) [], RemoteException
    + FullyQualifiedErrorId : NativeCommandError
 
Note that Qt no longer ships fonts. Deploy some (from https://dejavu-fonts.gith
ub.io/ for example) or switch to fontconfig.
window built: PRSTCore Simulator
deck loaded: True | cells=300  phases(o/w/g)=True/True/True  wells=2  steps=120  total=3650 d | load: 0.4 s
run finished (3D states ready): [{'pressure': array([41300623.40421319, 39380374.30271894, 37337935.45240948,
       35897490.10310462, 34895515.92539058, 34216883.35674465,
       33754624.4153221 , 33446729.32349533, 33257408.82200539,
       33167066.42437359, 39380375.21126595, 38051332.37982742,
       36675165.03315212, 35534482.79187475, 34693915.02096205,
       34089576.63419989, 33662087.49744658, 33369879.40276668,
       33186865.96338405, 33098515.29548886, 37337936.45343382,
       36675165.54736235, 35807722.10076701, 35016326.68130854,
       34369338.76478234, 33866834.45480352, 33489989.76174332,
       33220236.75529513, 33045149.13818805, 32958608.28566674,
       35897491.36224329, 35534483.8539218 , 35016327.24845669,
       34480966.52070163, 33996328.12206601, 33586391.48366487,
       33255279.26508245, 33002286.05024206, 32828922.34033854,
       32739938.57872637, 34895517.66727442, 34693916.50990331,
       34369339.78461004, 33996328.60434689, 33623808.63628685,
       33277786.5490774 , 32971858.0109434 , 32717251.42946336,
       32529167.23219817, 32427118.93634799, 34216885.29892446,
       34089578.34140268, 33866835.7510059 , 33586392.30030672,
       33277786.91465218, 32960480.17475984, 32649148.3081408 ,
       32361958.77770954, 32128493.50435466, 31991550.18349316,
       33754626.37404907, 33662089.26020458, 33489991.18167479,
       33255280.27459629, 32971858.618041  , 32649148.57141512,
       32296328.07365441, 31932100.55072933, 31599838.69428201,
       31381981.34354579, 33446731.2119371 , 33369881.13173449,
       33220238.20184506, 33002287.14997643, 32717252.17693049,
       32361959.21130518, 31932100.73276396, 31433521.57612383,
       30910335.14892452, 30503113.2131144 , 33257410.62532666,
       33186867.63337125, 33045150.56910672, 32828923.47150473,
       32529168.05054559, 32128494.03522549, 31599838.9871898 ,
       30910335.26427923, 30048455.76388714, 29158152.58551952,
       33167068.17400751, 33098516.92515744, 32958609.69859612,
       32739939.71660429, 32427119.78277484, 31991550.75747773,
       31381981.68804469, 30503113.38355774, 29158152.64135242,
       26894555.02023976, 41317530.7411411 , 39417723.60671993,
       37383486.42860215, 35944066.74920532, 34942416.68216889,
       34263786.15473441, 33801527.25071082, 33493636.25149373,
       33304320.20390652, 33213980.48869355, 39417724.54033127,
       38096652.75295121, 36721526.43985519, 35581387.27069359,
       34740824.9594819 , 34136479.8337654 , 33708991.93238283,
       33416788.38279769, 33233779.44520841, 33145431.41412083,
       37383487.43435735, 36721526.95584625, 35854629.88561403,
       35063244.75139593, 34416245.42712717, 33913738.80250465,
       33536897.34418374, 33267149.34283987, 33092066.08222887,
       33005527.65744984, 35944068.01224537, 35581388.33374194,
       35063245.31893735, 34527875.23613875, 34043233.36725969,
       33633298.67949463, 33302191.02470231, 33049202.59637277,
       32875842.44751863, 32786860.48493579, 34942418.42534654,
       34740826.44934106, 34416246.44749744, 34043233.84975615,
       33670715.83442923, 33324697.83327891, 33018773.63178906,
       32764170.15130151, 32576087.3269592 , 32474039.2496398 ,
       34263788.09786963, 34136481.54175161, 33913740.09923717,
       33633299.49642335, 33324698.19896066, 33007395.32876085,
       32696065.3905964 , 32408874.77153739, 32175405.92590192,
       32038459.16516673, 33801529.21014734, 33708993.69574598,
       33536898.76455662, 33302192.03448988, 33018774.23902583,
       32696065.65392046, 32343241.93022071, 31979005.14221762,
       31646729.49979818, 31428860.29146815, 33493638.14044113,
       33416790.11220762, 33267150.78972875, 33049203.69633505,
       32764170.8989017 , 32408875.20519781, 31979005.32427477,
       31480403.02428189, 30957182.81677419, 30549928.64765905,
       33304322.00759269, 33233781.1155204 , 33092067.51340543,
       32875843.57886782, 32576088.14542238, 32175406.45683714,
       31646729.79273616, 30957182.93213908, 30095233.00295831,
       29204785.66794836, 33213982.23862163, 33145433.04405403,
       33005529.07059371, 32786861.62297062, 32474040.09617016,
       32038459.73921251, 31428860.63599889, 30549928.81811616,
       29204785.72378533, 26925925.06585868, 41379285.51793209,
       39486875.81261921, 37458035.24776105, 36019187.16379223,
       35017773.52401374, 34339060.27449585, 33876736.58231536,
       33568802.94508845, 33379461.01909919, 33289109.05320284,
       39486876.73861708, 38171117.73714852, 36796485.1465543 ,
       35656818.31823555, 34816166.86550373, 34211736.38975236,
       33784188.51812093, 33491944.61525372, 33308910.69611817,
       33220550.68687431, 37458036.25479297, 36796485.66400434,
       35930092.0940814 , 35138632.89598384, 34491541.97361339,
       33988964.2105137 , 33612070.24766244, 33342285.13705984,
       33167177.98581148, 33080627.80099818, 36019188.43002831,
       35656819.38171149, 35138633.46367665, 34603187.8552184 ,
       34118477.17207599, 33708485.09325635, 33377331.60968703,
       33124308.3946978 , 32950924.45810531, 32861930.28116278,
       35017775.26776922, 34816168.35573874, 34491542.99422297,
       34118477.65467836, 33745907.51896691, 33399841.50537842,
       33093874.98313974, 32839236.19287215, 32651127.12320345,
       32549064.71309372, 34339062.21807576, 34211738.09811714,
       33988965.50752219, 33708485.91035064, 33399841.87113052,
       33082494.99605466, 32771121.55353334, 32483890.29913499,
       32250387.94596796, 32113421.29340573, 33876738.54215284,
       33784190.28183901, 33612071.66831312, 33377332.61966505,
       33093875.59048656, 32771121.81690325, 32418247.83931359,
       32053958.12676889, 31721633.26444019, 31503731.28525728,
       33568804.83439096, 33491946.34498511, 33342286.58421222,
       33124309.49485516, 32839236.94060108, 32483890.7328679 ,
       32053958.30885566, 31555281.72002555, 31031981.88255509,
       30624664.42641903, 33379462.82310368, 33308912.36672264,
       33167179.41723507, 32950925.5896461 , 32651127.94180231,
       32250388.47698931, 31721633.55742475, 31031981.99793803,
       30169897.77320185, 29279227.99600257, 33289110.80342923,
       33220552.31708371, 33080629.21437888, 32861931.41938554,
       32549065.55976157, 32113421.86754315, 31503731.62984215,
       30624664.59690258, 29279228.05184813, 26976363.10023028]), 'sW': array([0.11910189, 0.11930837, 0.1195284 , 0.11968381, 0.11979204,
       0.1198654 , 0.1199154 , 0.11994871, 0.11996919, 0.11997897,
       0.11930837, 0.1194515 , 0.11959988, 0.11972301, 0.11981383,
       0.11987917, 0.11992541, 0.11995702, 0.11997683, 0.11998639,
       0.1195284 , 0.11959988, 0.11969351, 0.11977899, 0.11984892,
       0.11990326, 0.11994403, 0.11997322, 0.11999217, 0.12000154,
       0.11968381, 0.11972301, 0.11977899, 0.11983685, 0.11988925,
       0.1199336 , 0.11996942, 0.11999681, 0.12001558, 0.12002521,
       0.11979204, 0.11981383, 0.11984892, 0.11988925, 0.11992955,
       0.11996699, 0.1200001 , 0.12002767, 0.12004803, 0.12005908,
       0.1198654 , 0.11987917, 0.11990326, 0.1199336 , 0.11996699,
       0.12000133, 0.12003504, 0.12006614, 0.12009143, 0.12010627,
       0.1199154 , 0.11992541, 0.11994403, 0.11996942, 0.1200001 ,
       0.12003504, 0.12007325, 0.12011271, 0.12014872, 0.12017233,
       0.11994871, 0.11995702, 0.11997322, 0.11999681, 0.12002767,
       0.12006614, 0.12011271, 0.12016674, 0.12022347, 0.12026764,
       0.11996919, 0.11997683, 0.11999217, 0.12001558, 0.12004803,
       0.12009143, 0.12014872, 0.12022347, 0.12031698, 0.12041365,
       0.11997897, 0.11998639, 0.12000154, 0.12002521, 0.12005908,
       0.12010627, 0.12017233, 0.12026764, 0.12041365, 0.12065979,
       0.11910511, 0.11930941, 0.11952855, 0.11968385, 0.11979205,
       0.1198654 , 0.1199154 , 0.11994871, 0.1199692 , 0.11997897,
       0.11930941, 0.11945167, 0.11959994, 0.11972302, 0.11981383,
       0.11987917, 0.11992541, 0.11995703, 0.11997683, 0.11998639,
       0.11952855, 0.11959994, 0.11969351, 0.11977899, 0.11984892,
       0.11990326, 0.11994403, 0.11997322, 0.11999217, 0.12000154,
       0.11968385, 0.11972302, 0.11977899, 0.11983685, 0.11988926,
       0.1199336 , 0.11996943, 0.11999681, 0.12001558, 0.12002521,
       0.11979205, 0.11981383, 0.11984892, 0.11988926, 0.11992955,
       0.11996699, 0.1200001 , 0.12002767, 0.12004803, 0.12005909,
       0.1198654 , 0.11987917, 0.11990326, 0.1199336 , 0.11996699,
       0.12000133, 0.12003504, 0.12006614, 0.12009143, 0.12010627,
       0.1199154 , 0.11992541, 0.11994403, 0.11996943, 0.1200001 ,
       0.12003504, 0.12007325, 0.12011271, 0.12014872, 0.12017234,
       0.11994871, 0.11995703, 0.11997322, 0.11999681, 0.12002767,
       0.12006614, 0.12011271, 0.12016675, 0.12022348, 0.12026766,
       0.1199692 , 0.11997683, 0.11999217, 0.12001558, 0.12004803,
       0.12009143, 0.12014872, 0.12022348, 0.120317  , 0.12041368,
       0.11997897, 0.11998639, 0.12000154, 0.12002521, 0.12005909,
       0.12010627, 0.12017234, 0.12026766, 0.12041368, 0.12066148,
       0.11910655, 0.11931005, 0.11952861, 0.11968385, 0.11979202,
       0.11986539, 0.11991539, 0.1199487 , 0.11996919, 0.11997897,
       0.11931005, 0.11945174, 0.11959996, 0.11972298, 0.11981381,
       0.11987915, 0.1199254 , 0.11995702, 0.11997683, 0.11998639,
       0.11952861, 0.11959996, 0.11969347, 0.11977896, 0.1198489 ,
       0.11990325, 0.11994402, 0.11997322, 0.11999217, 0.12000154,
       0.11968385, 0.11972298, 0.11977896, 0.11983683, 0.11988924,
       0.11993359, 0.11996942, 0.11999681, 0.12001558, 0.12002521,
       0.11979202, 0.11981381, 0.1198489 , 0.11988924, 0.11992954,
       0.11996699, 0.1200001 , 0.12002767, 0.12004804, 0.12005909,
       0.11986539, 0.11987915, 0.11990325, 0.11993359, 0.11996699,
       0.12000134, 0.12003505, 0.12006615, 0.12009145, 0.12010629,
       0.11991539, 0.1199254 , 0.11994402, 0.11996942, 0.1200001 ,
       0.12003505, 0.12007326, 0.12011273, 0.12014874, 0.12017236,
       0.1199487 , 0.11995702, 0.11997322, 0.11999681, 0.12002767,
       0.12006615, 0.12011273, 0.12016677, 0.12022351, 0.1202677 ,
       0.11996919, 0.11997683, 0.11999217, 0.12001558, 0.12004804,
       0.12009145, 0.12014874, 0.12022351, 0.12031705, 0.12041376,
       0.11997897, 0.11998639, 0.12000154, 0.12002521, 0.12005909,
       0.12010629, 0.12017236, 0.1202677 , 0.12041376, 0.12066417]), 'sG': array([0.31380635, 0.16909292, 0.        , 0.        , 0.        ,
       0.        , 0.        , 0.        , 0.        , 0.        ,
       0.16909246, 0.        , 0.        , 0.        , 0.        ,
       0.        , 0.        , 0.        , 0.        , 0.        ,
       0.        , 0.        , 0.        , 0.        , 0.        ,
       0.        , 0.        , 0.        , 0.        , 0.        ,
       0.        , 0.        , 0.        , 0.        , 0.        ,
       0.        , 0.        , 0.        , 0.        , 0.        ,
       0.        , 0.        , 0.        , 0.        , 0.        ,
       0.        , 0.        , 0.        , 0.        , 0.        ,
       0.        , 0.        , 0.        , 0.        , 0.        ,
       0.        , 0.        , 0.        , 0.        , 0.        ,
       0.        , 0.        , 0.        , 0.        , 0.        ,
       0.        , 0.        , 0.        , 0.        , 0.        ,
       0.        , 0.        , 0.        , 0.        , 0.        ,
       0.        , 0.        , 0.        , 0.        , 0.        ,
       0.        , 0.        , 0.        , 0.        , 0.        ,
       0.        , 0.        , 0.        , 0.        , 0.        ,
       0.        , 0.        , 0.        , 0.        , 0.        ,
       0.        , 0.        , 0.        , 0.        , 0.02045351,
       0.00793154, 0.        , 0.        , 0.        , 0.        ,
       0.        , 0.        , 0.        , 0.        , 0.        ,
       0.        , 0.        , 0.        , 0.        , 0.        ,
       0.        , 0.        , 0.        , 0.        , 0.        ,
       0.        , 0.        , 0.        , 0.        , 0.        ,
       0.        , 0.        , 0.        , 0.        , 0.        ,
       0.        , 0.        , 0.        , 0.        , 0.        ,
       0.        , 0.        , 0.        , 0.        , 0.        ,
       0.        , 0.        , 0.        , 0.        , 0.        ,
       0.        , 0.        , 0.        , 0.        , 0.        ,
       0.        , 0.        , 0.        , 0.        , 0.        ,
       0.        , 0.        , 0.        , 0.        , 0.        ,
       0.        , 0.        , 0.        , 0.        , 0.        ,
       0.        , 0.        , 0.        , 0.        , 0.        ,
       0.        , 0.        , 0.        , 0.        , 0.        ,
       0.        , 0.        , 0.        , 0.        , 0.        ,
       0.        , 0.        , 0.        , 0.        , 0.        ,
       0.        , 0.        , 0.        , 0.        , 0.        ,
       0.        , 0.        , 0.        , 0.        , 0.        ,
       0.        , 0.        , 0.        , 0.        , 0.01628556,
       0.        , 0.        , 0.        , 0.        , 0.        ,
       0.        , 0.        , 0.        , 0.        , 0.        ,
       0.        , 0.        , 0.        , 0.        , 0.        ,
       0.        , 0.        , 0.        , 0.        , 0.        ,
       0.        , 0.        , 0.        , 0.        , 0.        ,
       0.        , 0.        , 0.        , 0.        , 0.        ,
       0.        , 0.        , 0.        , 0.        , 0.        ,
       0.        , 0.        , 0.        , 0.        , 0.        ,
       0.        , 0.        , 0.        , 0.        , 0.        ,
       0.        , 0.        , 0.        , 0.        , 0.        ,
       0.        , 0.        , 0.        , 0.        , 0.        ,
       0.        , 0.        , 0.        , 0.        , 0.        ,
       0.        , 0.        , 0.        , 0.        , 0.        ,
       0.        , 0.        , 0.        , 0.        , 0.        ,
       0.        , 0.        , 0.        , 0.        , 0.        ,
       0.        , 0.        , 0.        , 0.        , 0.        ,
       0.        , 0.        , 0.        , 0.        , 0.        ,
       0.        , 0.        , 0.        , 0.        , 0.        ,
       0.        , 0.        , 0.        , 0.        , 0.        ,
       0.        , 0.        , 0.        , 0.        , 0.01611042]), 'rs': array([348.63784732, 331.37548215, 269.86486324, 228.55965079,
       226.27623183, 226.19840341, 226.19668562, 226.19666072,
       226.19666048, 226.19666048, 331.37549032, 282.52682787,
       230.19300884, 226.37749089, 226.20208115, 226.19677008,
       226.19666198, 226.1966605 , 226.19666048, 226.19666048,
       269.86459602, 230.19300005, 226.42698383, 226.20552066,
       226.19689465, 226.19666481, 226.19666054, 226.19666048,
       226.19666048, 226.19666048, 228.55963241, 226.37749021,
       226.20552064, 226.19695649, 226.1966675 , 226.1966606 ,
       226.19666048, 226.19666048, 226.19666048, 226.19666048,
       226.27623113, 226.20208113, 226.19689465, 226.1966675 ,
       226.19666064, 226.19666049, 226.19666048, 226.19666048,
       226.19666048, 226.19666048, 226.19840339, 226.19677008,
       226.19666481, 226.1966606 , 226.19666049, 226.19666048,
       226.19666048, 226.19666048, 226.19666048, 226.19666048,
       226.19668562, 226.19666198, 226.19666054, 226.19666048,
       226.19666048, 226.19666048, 226.19666048, 226.19666048,
       226.19666048, 226.19666048, 226.19666072, 226.1966605 ,
       226.19666048, 226.19666048, 226.19666048, 226.19666048,
       226.19666048, 226.19666048, 226.19666048, 226.19666048,
       226.19666048, 226.19666048, 226.19666048, 226.19666048,
       226.19666048, 226.19666048, 226.19666048, 226.19666048,
       226.19666048, 226.19666048, 226.19666048, 226.19666048,
       226.19666048, 226.19666048, 226.19666048, 226.19666048,
       226.19666048, 226.19666048, 226.19666048, 219.29474884,
       348.78983834, 233.96204374, 226.71125483, 226.2094445 ,
       226.19683414, 226.19666278, 226.1966605 , 226.19666048,
       226.19666048, 226.19666048, 233.96201059, 226.93735382,
       226.22561118, 226.19716329, 226.19666965, 226.19666061,
       226.19666048, 226.19666048, 226.19666048, 226.19666048,
       226.71125058, 226.22561105, 226.19734837, 226.19667732,
       226.1966608 , 226.19666049, 226.19666048, 226.19666048,
       226.19666048, 226.19666048, 226.20944432, 226.19716328,
       226.19667732, 226.1966609 , 226.19666049, 226.19666048,
       226.19666048, 226.19666048, 226.19666048, 226.19666048,
       226.19683413, 226.19666965, 226.1966608 , 226.19666049,
       226.19666048, 226.19666048, 226.19666048, 226.19666048,
       226.19666048, 226.19666048, 226.19666278, 226.19666061,
       226.19666049, 226.19666048, 226.19666048, 226.19666048,
       226.19666048, 226.19666048, 226.19666048, 226.19666048,
       226.1966605 , 226.19666048, 226.19666048, 226.19666048,
       226.19666048, 226.19666048, 226.19666048, 226.19666048,
       226.19666048, 226.19666048, 226.19666048, 226.19666048,
       226.19666048, 226.19666048, 226.19666048, 226.19666048,
       226.19666048, 226.19666048, 226.19666048, 226.19666048,
       226.19666048, 226.19666048, 226.19666048, 226.19666048,
       226.19666048, 226.19666048, 226.19666048, 226.19666048,
       226.19666048, 226.19666048, 226.19666048, 226.19666048,
       226.19666048, 226.19666048, 226.19666048, 226.19666048,
       226.19666048, 226.19666048, 226.19666048, 219.57027164,
       235.6890706 , 226.74356461, 226.21650078, 226.19709561,
       226.19666649, 226.19666054, 226.19666048, 226.19666048,
       226.19666048, 226.19666048, 226.7435629 , 226.22316774,
       226.19744569, 226.19667502, 226.19666066, 226.19666048,
       226.19666048, 226.19666048, 226.19666048, 226.19666048,
       226.21650068, 226.19744569, 226.19667928, 226.19666078,
       226.19666049, 226.19666048, 226.19666048, 226.19666048,
       226.19666048, 226.19666048, 226.19709561, 226.19667502,
       226.19666078, 226.19666049, 226.19666048, 226.19666048,
       226.19666048, 226.19666048, 226.19666048, 226.19666048,
       226.19666649, 226.19666066, 226.19666049, 226.19666048,
       226.19666048, 226.19666048, 226.19666048, 226.19666048,
       226.19666048, 226.19666048, 226.19666054, 226.19666048,
       226.19666048, 226.19666048, 226.19666048, 226.19666048,
       226.19666048, 226.19666048, 226.19666048, 226.19666048,
       226.19666048, 226.19666048, 226.19666048, 226.19666048,
       226.19666048, 226.19666048, 226.19666048, 226.19666048,
       226.19666048, 226.19666048, 226.19666048, 226.19666048,
       226.19666048, 226.19666048, 226.19666048, 226.19666048,
       226.19666048, 226.19666048, 226.19666048, 226.19666048,
       226.19666048, 226.19666048, 226.19666048, 226.19666048,
       226.19666048, 226.19666048, 226.19666048, 226.19666048,
       226.19666048, 226.19666048, 226.19666048, 226.19666048,
       226.19666048, 226.19666048, 226.19666048, 226.19666048,
       226.19666048, 226.19666048, 226.19666048, 220.01326841]), 'rv': array([0., 0., 0., 0., 0., 0., 0., 0., 0., 0., 0., 0., 0., 0., 0., 0., 0.,
       0., 0., 0., 0., 0., 0., 0., 0., 0., 0., 0., 0., 0., 0., 0., 0., 0.,
       0., 0., 0., 0., 0., 0., 0., 0., 0., 0., 0., 0., 0., 0., 0., 0., 0.,
       0., 0., 0., 0., 0., 0., 0., 0., 0., 0., 0., 0., 0., 0., 0., 0., 0.,
       0., 0., 0., 0., 0., 0., 0., 0., 0., 0., 0., 0., 0., 0., 0., 0., 0.,
       0., 0., 0., 0., 0., 0., 0., 0., 0., 0., 0., 0., 0., 0., 0., 0., 0.,
       0., 0., 0., 0., 0., 0., 0., 0., 0., 0., 0., 0., 0., 0., 0., 0., 0.,
       0., 0., 0., 0., 0., 0., 0., 0., 0., 0., 0., 0., 0., 0., 0., 0., 0.,
       0., 0., 0., 0., 0., 0., 0., 0., 0., 0., 0., 0., 0., 0., 0., 0., 0.,
       0., 0., 0., 0., 0., 0., 0., 0., 0., 0., 0., 0., 0., 0., 0., 0., 0.,
       0., 0., 0., 0., 0., 0., 0., 0., 0., 0., 0., 0., 0., 0., 0., 0., 0.,
       0., 0., 0., 0., 0., 0., 0., 0., 0., 0., 0., 0., 0., 0., 0., 0., 0.,
       0., 0., 0., 0., 0., 0., 0., 0., 0., 0., 0., 0., 0., 0., 0., 0., 0.,
       0., 0., 0., 0., 0., 0., 0., 0., 0., 0., 0., 0., 0., 0., 0., 0., 0.,
       0., 0., 0., 0., 0., 0., 0., 0., 0., 0., 0., 0., 0., 0., 0., 0., 0.,
       0., 0., 0., 0., 0., 0., 0., 0., 0., 0., 0., 0., 0., 0., 0., 0., 0.,
       0., 0., 0., 0., 0., 0., 0., 0., 0., 0., 0., 0., 0., 0., 0., 0., 0.,
       0., 0., 0., 0., 0., 0., 0., 0., 0., 0., 0.]), 'status': array([3, 3, 1, 1, 1, 1, 1, 1, 1, 1, 3, 1, 1, 1, 1, 1, 1, 1, 1, 1, 1, 1,
       1, 1, 1, 1, 1, 1, 1, 1, 1, 1, 1, 1, 1, 1, 1, 1, 1, 1, 1, 1, 1, 1,
       1, 1, 1, 1, 1, 1, 1, 1, 1, 1, 1, 1, 1, 1, 1, 1, 1, 1, 1, 1, 1, 1,
       1, 1, 1, 1, 1, 1, 1, 1, 1, 1, 1, 1, 1, 1, 1, 1, 1, 1, 1, 1, 1, 1,
       1, 1, 1, 1, 1, 1, 1, 1, 1, 1, 1, 3, 3, 1, 1, 1, 1, 1, 1, 1, 1, 1,
       1, 1, 1, 1, 1, 1, 1, 1, 1, 1, 1, 1, 1, 1, 1, 1, 1, 1, 1, 1, 1, 1,
       1, 1, 1, 1, 1, 1, 1, 1, 1, 1, 1, 1, 1, 1, 1, 1, 1, 1, 1, 1, 1, 1,
       1, 1, 1, 1, 1, 1, 1, 1, 1, 1, 1, 1, 1, 1, 1, 1, 1, 1, 1, 1, 1, 1,
       1, 1, 1, 1, 1, 1, 1, 1, 1, 1, 1, 1, 1, 1, 1, 1, 1, 1, 1, 1, 1, 1,
       1, 3, 1, 1, 1, 1, 1, 1, 1, 1, 1, 1, 1, 1, 1, 1, 1, 1, 1, 1, 1, 1,
       1, 1, 1, 1, 1, 1, 1, 1, 1, 1, 1, 1, 1, 1, 1, 1, 1, 1, 1, 1, 1, 1,
       1, 1, 1, 1, 1, 1, 1, 1, 1, 1, 1, 1, 1, 1, 1, 1, 1, 1, 1, 1, 1, 1,
       1, 1, 1, 1, 1, 1, 1, 1, 1, 1, 1, 1, 1, 1, 1, 1, 1, 1, 1, 1, 1, 1,
       1, 1, 1, 1, 1, 1, 1, 1, 1, 1, 1, 1, 1, 3])}, {'pressure': array([41579932.58984794, 40175429.86870223, 38705392.59136663,
       37169221.46830795, 35990645.01511504, 35107275.55517546,
       34469867.62988382, 34023981.54881004, 33739268.60068307,
       33600189.04527001, 40175430.34366522, 39291051.7815919 ,
       37975226.44502776, 36751707.82458924, 35721226.34982686,
       34926881.88470016, 34332052.98328092, 33905896.94173525,
       33629602.72797431, 33493432.22272988, 38705392.67440587,
       37975226.45651025, 37057953.84177452, 36112958.38658476,
       35288730.21075256, 34610657.8418432 , 34076165.24889664,
       33678414.31904233, 33413407.16196642, 33280551.37025024,
       37169221.491717  , 36751707.8308532 , 36112958.43366478,
       35428571.30974188, 34780615.22350262, 34207903.01920117,
       33728642.83771273, 33353924.37134827, 33094305.26473409,
       32960662.5631795 , 35990645.12230059, 35721226.51764837,
       35288730.37577384, 34780615.32453472, 34257987.41208829,
       33760354.96340141, 33314621.93944478, 32943813.81966658,
       32672639.49694096, 32527314.05211944, 35107275.89826564,
       34926882.22570919, 34610658.1412852 , 34207903.23762166,
       33760355.07599073, 33300466.39994963, 32855827.08852859,
       32456454.1566655 , 32141894.75066865, 31962347.49994274,
       34469868.13576074, 34332053.46232416, 34076165.66691546,
       33728643.16445497, 33314622.15660295, 32855827.19237075,
       32373953.61214571, 31899533.84225125, 31486312.22349938,
       31225131.08966091, 34023982.16122976, 33905897.51906665,
       33678414.82750968, 33353924.78407899, 32943814.12125836,
       32456454.34481832, 31899533.92672471, 31290381.18222526,
       30683436.88934248, 30228971.13667935, 33739269.27766433,
       33629603.36737461, 33413407.72998955, 33094305.73574468,
       32672639.85667779, 32141894.99732977, 31486312.36680331,
       30683436.94827247, 29730237.8404822 , 28779620.59799651,
       33600189.75269464, 33493432.89197251, 33280551.96756043,
       32960663.06334857, 32527314.44125427, 31962347.77634348,
       31225131.26292149, 30228971.22558706, 28779620.62788815,
       26413449.65508425, 41598759.07135977, 40203244.24242561,
       38747194.95715173, 37215322.25419933, 36037474.96653078,
       35154294.41853455, 34516858.5855993 , 34070944.92215034,
       33786214.71115094, 33647126.92916652, 40203244.7389708 ,
       39331857.44725856, 38020977.92644025, 36798326.23172294,
       35768265.44631281, 34973902.28986795, 34379036.13683008,
       33952853.39661682, 33676542.46068323, 33540363.89725633,
       38747195.0500209 , 38020977.9390923 , 37104474.78913979,
       36160007.36544953, 35335774.78008758, 34657659.92686244,
       34123132.86561067, 33725357.18225634, 33460333.97888389,
       33327470.26111839, 37215322.28052701, 36798326.23921283,
       36160007.41262907, 35475625.43419437, 34827629.33689643,
       34254879.66776041, 33775589.00871001, 33400847.23536164,
       33141212.13620713, 33007561.21349776, 36037475.07517991,
       35768265.61437903, 35335774.94521115, 34827629.43797536,
       34304967.5819289 , 33807303.27015227, 33361541.96480682,
       32990710.19866027, 32719518.3216929 , 32574183.31558364,
       35154294.76189386, 34973902.6310509 , 34657660.22643272,
       34254879.88626309, 33807303.38277938, 33347385.35790788,
       32902717.01624556, 32503317.07822868, 32188735.5567942 ,
       32009175.26809895, 34516859.09167869, 34379036.61605319,
       34123133.28377566, 33775589.33555798, 33361542.18202996,
       32902717.12011655, 32420810.25993882, 31946355.78963274,
       31533102.27892591, 31271900.13581138, 34070945.53476968,
       33952853.97413169, 33725357.69087865, 33400847.6482118 ,
       32990710.50033456, 32503317.26643017, 31946355.87412694,
       31337155.1567039 , 30730160.20119574, 30275654.63269878,
       33786215.38832934, 33676543.10026678, 33460334.54706521,
       33141212.60734404, 32719518.68152219, 32188735.80351601,
       31533102.42226366, 30730160.26013914, 29776876.81383859,
       28826109.43150753, 33647127.63678621, 33540364.5666812 ,
       33327470.85858751, 33007561.71379585, 32574183.7048153 ,
       32009175.54456593, 31271900.30911202, 30275654.72162638,
       28826109.46140568, 26443483.62844289, 41657894.49573734,
       40275220.0037331 , 38819289.29448731, 37290330.58435155,
       36112768.02773042, 35229702.23952121, 34592183.66630718,
       34146202.84938775, 33861429.51097244, 33722320.69061858,
       40275220.49514737, 39403821.46094464, 38095926.36984739,
       36873462.07953231, 35843743.40769382, 35049295.66623637,
       34454340.88327065, 34028093.48765334, 33751740.69221871,
       33615541.52962685, 38819289.3874221 , 38095926.38266424,
       37179532.50965368, 36235525.46706049, 35411221.76883268,
       34733007.14324648, 34198398.90226056, 33800562.84289191,
       33535499.48720512, 33402615.66049543, 37290330.61156681,
       36873462.08819377, 36235525.5143046 , 35551093.04258509,
       34903002.51713227, 34330165.84586921, 33850802.3295311 ,
       33476003.67323148, 33216329.19038115, 33082657.99606465,
       36112768.13771573, 35843743.5759121 , 35411221.9340023 ,
       34903002.61823384, 34380261.43218876, 33882521.43573578,
       33436692.37056017, 33065804.21304495, 32794571.0504746 ,
       32649213.89147886, 35229702.58303905, 35049296.00750346,
       34733007.44288187, 34330166.06441714, 33882521.5483854 ,
       33422533.58335672, 32977797.50493642, 32578336.56213478,
       32263706.84234924, 32084118.96889871, 34592184.17249629,
       34454341.36259317, 34198399.3205102 , 33850802.65644372,
       33436692.58782534, 32977797.60882712, 32495817.02119982,
       32021289.62349699, 31607972.2991666 , 31346729.67016691,
       34146203.46212861, 34028094.06528185, 33800563.35161314,
       33476004.08616081, 33065804.51477626, 32578336.75037135,
       32021289.70800675, 31411994.75364587, 30804905.39750877,
       30350328.53860449, 33861430.18828093, 33751741.3319246 ,
       33535500.05549431, 33216329.66160667, 32794571.41037085,
       32263707.08911648, 31607972.44253051, 30804905.45646285,
       29851472.37779737, 28900469.44896978, 33722321.39837229,
       33615542.1991781 , 33402616.25807671, 33082658.49645593,
       32649214.2807824 , 32084119.2454163 , 31346729.84349902,
       30350328.62754812, 28900469.47887329, 26493026.25025816]), 'sW': array([0.11907188, 0.11922284, 0.11938104, 0.11954659, 0.11967376,
       0.11976916, 0.11983805, 0.11988626, 0.11991706, 0.1199321 ,
       0.11922284, 0.11931799, 0.1194597 , 0.11959162, 0.11970285,
       0.11978865, 0.11985295, 0.11989903, 0.11992892, 0.11994365,
       0.11938104, 0.1194597 , 0.11955859, 0.11966055, 0.11974956,
       0.11982283, 0.11988062, 0.11992364, 0.11995231, 0.11996669,
       0.11954659, 0.11959162, 0.11966055, 0.11973445, 0.11980446,
       0.11986637, 0.11991821, 0.11995875, 0.11998685, 0.12000131,
       0.11967376, 0.11970285, 0.11974956, 0.11980446, 0.11986096,
       0.11991478, 0.119963  , 0.12000314, 0.1200325 , 0.12004823,
       0.11976916, 0.11978865, 0.11982283, 0.11986637, 0.11991478,
       0.11996453, 0.12001266, 0.12005591, 0.12008998, 0.12010943,
       0.11983805, 0.11985295, 0.11988062, 0.11991821, 0.119963  ,
       0.12001266, 0.12006484, 0.12011624, 0.12016102, 0.12018934,
       0.11988626, 0.11989903, 0.11992364, 0.11995875, 0.12000314,
       0.12005591, 0.12011624, 0.12018226, 0.12024808, 0.12029739,
       0.11991706, 0.11992892, 0.11995231, 0.11998685, 0.1200325 ,
       0.12008998, 0.12016102, 0.12024808, 0.12035153, 0.12045478,
       0.1199321 , 0.11994365, 0.11996669, 0.12000131, 0.12004823,
       0.12010943, 0.12018934, 0.12029739, 0.12045478, 0.12071217,
       0.1190749 , 0.11922489, 0.1193816 , 0.11954668, 0.11967377,
       0.11976915, 0.11983804, 0.11988626, 0.11991706, 0.1199321 ,
       0.11922489, 0.11931865, 0.11945983, 0.11959166, 0.11970284,
       0.11978864, 0.11985294, 0.11989903, 0.11992892, 0.11994365,
       0.1193816 , 0.11945983, 0.11955864, 0.11966054, 0.11974955,
       0.11982282, 0.11988061, 0.11992364, 0.11995231, 0.11996669,
       0.11954668, 0.11959166, 0.11966054, 0.11973444, 0.11980445,
       0.11986637, 0.11991821, 0.11995875, 0.11998685, 0.12000132,
       0.11967377, 0.11970284, 0.11974955, 0.11980445, 0.11986095,
       0.11991477, 0.119963  , 0.12000314, 0.1200325 , 0.12004824,
       0.11976915, 0.11978864, 0.11982282, 0.11986637, 0.11991477,
       0.11996454, 0.12001267, 0.12005592, 0.12008999, 0.12010944,
       0.11983804, 0.11985294, 0.11988061, 0.11991821, 0.119963  ,
       0.12001267, 0.12006485, 0.12011625, 0.12016104, 0.12018935,
       0.11988626, 0.11989903, 0.11992364, 0.11995875, 0.12000314,
       0.12005592, 0.12011625, 0.12018228, 0.12024811, 0.12029742,
       0.11991706, 0.11992892, 0.11995231, 0.11998685, 0.1200325 ,
       0.12008999, 0.12016104, 0.12024811, 0.12035156, 0.12045483,
       0.1199321 , 0.11994365, 0.11996669, 0.12000132, 0.12004824,
       0.12010944, 0.12018935, 0.12029742, 0.12045483, 0.12071401,
       0.11907662, 0.11922523, 0.11938192, 0.11954669, 0.11967375,
       0.11976912, 0.11983802, 0.11988624, 0.11991704, 0.11993209,
       0.11922523, 0.11931899, 0.11945985, 0.11959166, 0.1197028 ,
       0.11978861, 0.11985292, 0.11989902, 0.11992891, 0.11994365,
       0.11938192, 0.11945985, 0.11955864, 0.1196605 , 0.11974951,
       0.1198228 , 0.1198806 , 0.11992363, 0.11995231, 0.11996669,
       0.11954669, 0.11959166, 0.1196605 , 0.1197344 , 0.11980442,
       0.11986635, 0.11991819, 0.11995875, 0.11998685, 0.12000132,
       0.11967375, 0.1197028 , 0.11974951, 0.11980442, 0.11986093,
       0.11991476, 0.119963  , 0.12000314, 0.12003251, 0.12004825,
       0.11976912, 0.11978861, 0.1198228 , 0.11986635, 0.11991476,
       0.11996453, 0.12001267, 0.12005592, 0.12009   , 0.12010946,
       0.11983802, 0.11985292, 0.1198806 , 0.11991819, 0.119963  ,
       0.12001267, 0.12006486, 0.12011627, 0.12016106, 0.12018938,
       0.11988624, 0.11989902, 0.11992363, 0.11995874, 0.12000314,
       0.12005592, 0.12011627, 0.12018231, 0.12024814, 0.12029747,
       0.11991704, 0.11992891, 0.11995231, 0.11998685, 0.12003251,
       0.12009   , 0.12016106, 0.12024814, 0.12035161, 0.12045491,
       0.11993209, 0.11994365, 0.11996669, 0.12000132, 0.12004825,
       0.12010946, 0.12018938, 0.12029747, 0.12045491, 0.12071679]), 'sG': array([0.36873591, 0.28396134, 0.14115014, 0.        , 0.        ,
       0.        , 0.        , 0.        , 0.        , 0.        ,
       0.28396118, 0.16461832, 0.        , 0.        , 0.        ,
       0.        , 0.        , 0.        , 0.        , 0.        ,
       0.14114978, 0.        , 0.        , 0.        , 0.        ,
       0.        , 0.        , 0.        , 0.        , 0.        ,
       0.        , 0.        , 0.        , 0.        , 0.        ,
       0.        , 0.        , 0.        , 0.        , 0.        ,
       0.        , 0.        , 0.        , 0.        , 0.        ,
       0.        , 0.        , 0.        , 0.        , 0.        ,
       0.        , 0.        , 0.        , 0.        , 0.        ,
       0.        , 0.        , 0.        , 0.        , 0.        ,
       0.        , 0.        , 0.        , 0.        , 0.        ,
       0.        , 0.        , 0.        , 0.        , 0.        ,
       0.        , 0.        , 0.        , 0.        , 0.        ,
       0.        , 0.        , 0.        , 0.        , 0.        ,
       0.        , 0.        , 0.        , 0.        , 0.        ,
       0.        , 0.        , 0.        , 0.        , 0.        ,
       0.        , 0.        , 0.        , 0.        , 0.        ,
       0.        , 0.        , 0.        , 0.        , 0.0504961 ,
       0.14411781, 0.        , 0.        , 0.        , 0.        ,
       0.        , 0.        , 0.        , 0.        , 0.        ,
       0.        , 0.        , 0.        , 0.        , 0.        ,
       0.        , 0.        , 0.        , 0.        , 0.        ,
       0.        , 0.        , 0.        , 0.        , 0.        ,
       0.        , 0.        , 0.        , 0.        , 0.        ,
       0.        , 0.        , 0.        , 0.        , 0.        ,
       0.        , 0.        , 0.        , 0.        , 0.        ,
       0.        , 0.        , 0.        , 0.        , 0.        ,
       0.        , 0.        , 0.        , 0.        , 0.        ,
       0.        , 0.        , 0.        , 0.        , 0.        ,
       0.        , 0.        , 0.        , 0.        , 0.        ,
       0.        , 0.        , 0.        , 0.        , 0.        ,
       0.        , 0.        , 0.        , 0.        , 0.        ,
       0.        , 0.        , 0.        , 0.        , 0.        ,
       0.        , 0.        , 0.        , 0.        , 0.        ,
       0.        , 0.        , 0.        , 0.        , 0.        ,
       0.        , 0.        , 0.        , 0.        , 0.        ,
       0.        , 0.        , 0.        , 0.        , 0.        ,
       0.        , 0.        , 0.        , 0.        , 0.0268291 ,
       0.        , 0.        , 0.        , 0.        , 0.        ,
       0.        , 0.        , 0.        , 0.        , 0.        ,
       0.        , 0.        , 0.        , 0.        , 0.        ,
       0.        , 0.        , 0.        , 0.        , 0.        ,
       0.        , 0.        , 0.        , 0.        , 0.        ,
       0.        , 0.        , 0.        , 0.        , 0.        ,
       0.        , 0.        , 0.        , 0.        , 0.        ,
       0.        , 0.        , 0.        , 0.        , 0.        ,
       0.        , 0.        , 0.        , 0.        , 0.        ,
       0.        , 0.        , 0.        , 0.        , 0.        ,
       0.        , 0.        , 0.        , 0.        , 0.        ,
       0.        , 0.        , 0.        , 0.        , 0.        ,
       0.        , 0.        , 0.        , 0.        , 0.        ,
       0.        , 0.        , 0.        , 0.        , 0.        ,
       0.        , 0.        , 0.        , 0.        , 0.        ,
       0.        , 0.        , 0.        , 0.        , 0.        ,
       0.        , 0.        , 0.        , 0.        , 0.        ,
       0.        , 0.        , 0.        , 0.        , 0.        ,
       0.        , 0.        , 0.        , 0.        , 0.        ,
       0.        , 0.        , 0.        , 0.        , 0.02427802]), 'rs': array([351.14873882, 338.52275252, 325.30763357, 262.99940828,
       228.99802905, 226.35199825, 226.20293098, 226.19683906,
       226.19666376, 226.19666051, 338.52275679, 330.57250405,
       284.57923684, 231.80201208, 226.59761115, 226.218168  ,
       226.19751795, 226.19668499, 226.19666094, 226.19666049,
       325.30763431, 284.57915679, 233.07910344, 226.80617082,
       226.23788949, 226.19880751, 226.19674585, 226.19666298,
       226.19666053, 226.19666048, 262.99924715, 231.80200029,
       226.80617032, 226.24721232, 226.19994443, 226.19682999,
       226.19666739, 226.1966607 , 226.19666049, 226.19666048,
       228.99801572, 226.59761009, 226.23788943, 226.19994442,
       226.19687149, 226.19667168, 226.19666097, 226.1966605 ,
       226.19666048, 226.19666048, 226.35199746, 226.21816794,
       226.19880751, 226.19682999, 226.19667168, 226.19666112,
       226.19666051, 226.19666048, 226.19666048, 226.19666048,
       226.20293095, 226.19751794, 226.19674585, 226.19666739,
       226.19666097, 226.19666051, 226.19666048, 226.19666048,
       226.19666048, 226.19666048, 226.19683906, 226.19668498,
       226.19666298, 226.1966607 , 226.1966605 , 226.19666048,
       226.19666048, 226.19666048, 226.19666048, 226.19666048,
       226.19666376, 226.19666094, 226.19666053, 226.19666049,
       226.19666048, 226.19666048, 226.19666048, 226.19666048,
       226.19666048, 226.19666048, 226.19666051, 226.19666049,
       226.19666048, 226.19666048, 226.19666048, 226.19666048,
       226.19666048, 226.19666048, 226.19666048, 215.06920509,
       351.31798228, 243.41391215, 231.18925272, 226.62593152,
       226.21255042, 226.19702912, 226.19667036, 226.1966607 ,
       226.19666049, 226.19666048, 243.41388923, 232.23003824,
       226.93391918, 226.24370939, 226.1979042 , 226.19670109,
       226.19666171, 226.19666051, 226.19666048, 226.19666048,
       231.18923773, 226.93391872, 226.26248382, 226.19881509,
       226.19674707, 226.1966639 , 226.19666059, 226.19666048,
       226.19666048, 226.19666048, 226.62593015, 226.24370923,
       226.19881508, 226.19677036, 226.19666599, 226.19666071,
       226.19666049, 226.19666048, 226.19666048, 226.19666048,
       226.21255031, 226.19790419, 226.19674707, 226.19666599,
       226.19666077, 226.19666049, 226.19666048, 226.19666048,
       226.19666048, 226.19666048, 226.19702912, 226.19670109,
       226.1966639 , 226.19666071, 226.19666049, 226.19666048,
       226.19666048, 226.19666048, 226.19666048, 226.19666048,
       226.19667036, 226.19666171, 226.19666059, 226.19666049,
       226.19666048, 226.19666048, 226.19666048, 226.19666048,
       226.19666048, 226.19666048, 226.1966607 , 226.19666051,
       226.19666048, 226.19666048, 226.19666048, 226.19666048,
       226.19666048, 226.19666048, 226.19666048, 226.19666048,
       226.19666049, 226.19666048, 226.19666048, 226.19666048,
       226.19666048, 226.19666048, 226.19666048, 226.19666048,
       226.19666048, 226.19666048, 226.19666048, 226.19666048,
       226.19666048, 226.19666048, 226.19666048, 226.19666048,
       226.19666048, 226.19666048, 226.19666048, 215.33299319,
       244.64842635, 227.95115668, 226.39258583, 226.20676849,
       226.19699766, 226.19666827, 226.19666061, 226.19666048,
       226.19666048, 226.19666048, 227.95115492, 226.45299071,
       226.21360748, 226.19743756, 226.19668359, 226.19666099,
       226.19666049, 226.19666048, 226.19666048, 226.19666048,
       226.39258507, 226.21360746, 226.19767985, 226.19669815,
       226.19666154, 226.19666051, 226.19666048, 226.19666048,
       226.19666048, 226.19666048, 226.20676845, 226.19743756,
       226.19669815, 226.19666181, 226.19666052, 226.19666048,
       226.19666048, 226.19666048, 226.19666048, 226.19666048,
       226.19699766, 226.19668359, 226.19666154, 226.19666052,
       226.19666048, 226.19666048, 226.19666048, 226.19666048,
       226.19666048, 226.19666048, 226.19666827, 226.19666099,
       226.19666051, 226.19666048, 226.19666048, 226.19666048,
       226.19666048, 226.19666048, 226.19666048, 226.19666048,
       226.19666061, 226.19666049, 226.19666048, 226.19666048,
       226.19666048, 226.19666048, 226.19666048, 226.19666048,
       226.19666048, 226.19666048, 226.19666048, 226.19666048,
       226.19666048, 226.19666048, 226.19666048, 226.19666048,
       226.19666048, 226.19666048, 226.19666048, 226.19666048,
       226.19666048, 226.19666048, 226.19666048, 226.19666048,
       226.19666048, 226.19666048, 226.19666048, 226.19666048,
       226.19666048, 226.19666048, 226.19666048, 226.19666048,
       226.19666048, 226.19666048, 226.19666048, 226.19666048,
       226.19666048, 226.19666048, 226.19666048, 215.76812556]), 'rv': array([0., 0., 0., 0., 0., 0., 0., 0., 0., 0., 0., 0., 0., 0., 0., 0., 0.,
       0., 0., 0., 0., 0., 0., 0., 0., 0., 0., 0., 0., 0., 0., 0., 0., 0.,
       0., 0., 0., 0., 0., 0., 0., 0., 0., 0., 0., 0., 0., 0., 0., 0., 0.,
       0., 0., 0., 0., 0., 0., 0., 0., 0., 0., 0., 0., 0., 0., 0., 0., 0.,
       0., 0., 0., 0., 0., 0., 0., 0., 0., 0., 0., 0., 0., 0., 0., 0., 0.,
       0., 0., 0., 0., 0., 0., 0., 0., 0., 0., 0., 0., 0., 0., 0., 0., 0.,
       0., 0., 0., 0., 0., 0., 0., 0., 0., 0., 0., 0., 0., 0., 0., 0., 0.,
       0., 0., 0., 0., 0., 0., 0., 0., 0., 0., 0., 0., 0., 0., 0., 0., 0.,
       0., 0., 0., 0., 0., 0., 0., 0., 0., 0., 0., 0., 0., 0., 0., 0., 0.,
       0., 0., 0., 0., 0., 0., 0., 0., 0., 0., 0., 0., 0., 0., 0., 0., 0.,
       0., 0., 0., 0., 0., 0., 0., 0., 0., 0., 0., 0., 0., 0., 0., 0., 0.,
       0., 0., 0., 0., 0., 0., 0., 0., 0., 0., 0., 0., 0., 0., 0., 0., 0.,
       0., 0., 0., 0., 0., 0., 0., 0., 0., 0., 0., 0., 0., 0., 0., 0., 0.,
       0., 0., 0., 0., 0., 0., 0., 0., 0., 0., 0., 0., 0., 0., 0., 0., 0.,
       0., 0., 0., 0., 0., 0., 0., 0., 0., 0., 0., 0., 0., 0., 0., 0., 0.,
       0., 0., 0., 0., 0., 0., 0., 0., 0., 0., 0., 0., 0., 0., 0., 0., 0.,
       0., 0., 0., 0., 0., 0., 0., 0., 0., 0., 0., 0., 0., 0., 0., 0., 0.,
       0., 0., 0., 0., 0., 0., 0., 0., 0., 0., 0.]), 'status': array([3, 3, 3, 1, 1, 1, 1, 1, 1, 1, 3, 3, 1, 1, 1, 1, 1, 1, 1, 1, 3, 1,
       1, 1, 1, 1, 1, 1, 1, 1, 1, 1, 1, 1, 1, 1, 1, 1, 1, 1, 1, 1, 1, 1,
       1, 1, 1, 1, 1, 1, 1, 1, 1, 1, 1, 1, 1, 1, 1, 1, 1, 1, 1, 1, 1, 1,
       1, 1, 1, 1, 1, 1, 1, 1, 1, 1, 1, 1, 1, 1, 1, 1, 1, 1, 1, 1, 1, 1,
       1, 1, 1, 1, 1, 1, 1, 1, 1, 1, 1, 3, 3, 1, 1, 1, 1, 1, 1, 1, 1, 1,
       1, 1, 1, 1, 1, 1, 1, 1, 1, 1, 1, 1, 1, 1, 1, 1, 1, 1, 1, 1, 1, 1,
       1, 1, 1, 1, 1, 1, 1, 1, 1, 1, 1, 1, 1, 1, 1, 1, 1, 1, 1, 1, 1, 1,
       1, 1, 1, 1, 1, 1, 1, 1, 1, 1, 1, 1, 1, 1, 1, 1, 1, 1, 1, 1, 1, 1,
       1, 1, 1, 1, 1, 1, 1, 1, 1, 1, 1, 1, 1, 1, 1, 1, 1, 1, 1, 1, 1, 1,
       1, 3, 1, 1, 1, 1, 1, 1, 1, 1, 1, 1, 1, 1, 1, 1, 1, 1, 1, 1, 1, 1,
       1, 1, 1, 1, 1, 1, 1, 1, 1, 1, 1, 1, 1, 1, 1, 1, 1, 1, 1, 1, 1, 1,
       1, 1, 1, 1, 1, 1, 1, 1, 1, 1, 1, 1, 1, 1, 1, 1, 1, 1, 1, 1, 1, 1,
       1, 1, 1, 1, 1, 1, 1, 1, 1, 1, 1, 1, 1, 1, 1, 1, 1, 1, 1, 1, 1, 1,
       1, 1, 1, 1, 1, 1, 1, 1, 1, 1, 1, 1, 1, 3])}]
log lines: 11
   | Loading deck C:\Users\junji\Desktop\github\PRSTCore\examples\SpE1\SPE1CASE1.DATA ...
   | deck loaded: 300 cells, 2 wells, 120 report steps (0.4 s)
   | === running (precond=hypre, 2nd=ilu) ===
   | REPORT STEP 1  TIME=31.0 days (02-Oct-1999)  DT=31.0 d
   |    converged in 21 iterations, wall=1.55 s
   |    -> ok, step 1 done
2D wellsols steps: 2 wells: ['INJ', 'PROD']
3D states: 2 fields: 6
time slider enabled: True max: 1
3D draw ok: True
SMOKE TEST PASSED
